   2.89000010490417     
          24
   4.59412754550010        5.30000019073486        4.59412739652055     
   2.88999989421527        1.18587251532870       0.480000019073507     
   1.18587296226738        2.89000052628199        4.59412784345918     
   5.30000019073481        4.59412709856139        2.88999947283745     
   1.18587221736965       0.480000019073599        1.18587326022656     
   2.89000094765981        4.59412814141821        5.30000019073468     
   4.59412680060218        2.88999905145963        1.18587191941064     
  0.480000019073765        1.18587355818580        2.89000136903763     
 ma rou p 
  0.600000023841858        1.22500002384186        101325.000000000     
