          75
          39
          61
          41
          30
          15
           7
           2
           6
          18
          33
          56
          77
          98
         117
         139
         156
         174
         192
         215
         234
         245
         276
         294
         313
         340
         362
         382
         403
         415
         431
         444
         458
         469
         477
         483
         489
         495
         491
         487
         479
         473
         465
         456
         449
         436
         426
         413
         406
         411
         424
         432
         442
         451
         459
         470
         480
         492
         500
         508
         513
         517
         521
         526
         523
         519
         515
         512
         503
         499
         485
         475
         467
         454
         447
         417
