          75
          40
          60
          42
          29
          16
           8
           1
           5
          17
          34
          57
          78
          99
         118
         140
         155
         175
         193
         216
         235
         246
         277
         293
         312
         339
         361
         381
         404
         414
         430
         445
         457
         468
         476
         482
         488
         494
         490
         486
         478
         472
         464
         455
         448
         435
         425
         412
         405
         410
         423
         433
         443
         452
         460
         471
         481
         493
         501
         507
         514
         518
         522
         525
         524
         520
         516
         511
         502
         498
         484
         474
         466
         453
         446
         416
