          65
       14474
       14475
       14476
       14477
       14478
       14479
       14480
       14481
       14482
       14483
       14484
       14485
       14486
       14487
       14488
       14489
       14490
       14491
       14492
       14493
       14494
       14495
       14496
       14497
       14498
       14499
       14500
       14501
       14502
       14503
       14504
       14505
       14506
       14507
       14508
       14509
       14510
       14511
       14512
       14513
       14514
       14515
       14516
       14517
       14518
       14519
       14520
       14521
       14522
       14523
       14524
       14525
       14526
       14527
       14528
       14529
       14530
       14531
       14532
       14533
       14534
       14535
       14536
       14537
       14538
