          65
       14473
       14472
       14471
       14470
       14469
       14468
       14467
       14466
       14465
       14464
       14463
       14462
       14461
       14460
       14459
       14458
       14457
       14456
       14455
       14454
       14453
       14452
       14451
       14450
       14449
       14448
       14447
       14446
       14445
       14444
       14443
       14442
       14441
       14440
       14439
       14438
       14437
       14436
       14435
       14434
       14433
       14432
       14431
       14430
       14429
       14428
       14427
       14426
       14425
       14424
       14423
       14422
       14421
       14420
       14419
       14418
       14417
       14416
       14415
       14414
       14413
       14412
       14411
       14410
       14409
